69 211 211 211
-0.89 -0.15
-0.87 0.20
-0.69 0.54
-0.40 0.74
-0.05 0.81
0.23 0.77
0.68 0.46
0.83 0.07
0.84 -0.30
0.78 -0.63
0.66 -0.90
0.62 -1.12
0.61 -1.55
0.62 -1.94
0.64 -2.68
0.66 -3.14
0.66 -3.45
0.71 -3.92
0.70 -4.06
0.56 -4.42
0.57 -4.83
0.48 -5.23
0.20 -6.04
0.04 -6.50
-0.09 -6.99
-0.19 -7.49
-0.21 -7.63
-0.28 -7.74
-0.20 -8.46
-0.18 -8.94
-0.21 -9.11
-0.22 -9.30
-0.29 -9.43
-0.49 -9.60
-0.57 -9.66
-0.72 -9.86
-0.82 -9.94
-0.88 -9.93
-1.00 -10.16
-1.08 -10.19
-1.16 -10.07
-1.26 -10.16
-1.35 -10.13
-1.42 -9.73
-1.42 -9.13
-1.56 -9.23
-1.63 -9.22
-1.66 -9.10
-1.58 -8.96
-1.52 -8.47
-1.24 -7.92
-1.02 -7.63
-1.00 -7.50
-0.93 -7.17
-0.81 -6.65
-0.71 -5.99
-0.66 -5.15
-0.61 -4.79
-0.55 -4.47
-0.39 -4.14
-0.30 -3.86
-0.28 -3.58
-0.40 -3.00
-0.53 -2.53
-0.60 -1.79
-0.66 -1.08
-0.69 -0.83
-0.84 -0.58
-0.90 -0.35