126 211 211 211
-0.69 -0.32
-0.75 -0.43
-0.84 -0.53
-0.93 -0.60
-1.00 -0.64
-1.06 -0.70
-1.03 -0.72
-0.93 -0.73
-0.75 -0.70
-0.67 -0.68
-0.54 -0.67
-0.31 -0.57
-0.26 -0.59
-0.16 -0.56
-0.01 -0.46
0.12 -0.35
0.20 -0.33
0.31 -0.24
0.39 -0.19
0.45 -0.21
0.55 -0.20
0.64 -0.15
0.74 -0.08
0.82 0.03
0.86 0.10
0.88 0.05
0.88 0.01
0.85 -0.08
0.80 -0.16
0.73 -0.25
0.67 -0.30
0.58 -0.34
0.67 -0.32
0.79 -0.26
0.94 -0.14
1.06 0.00
1.13 0.16
1.15 0.12
1.14 0.04
1.11 -0.04
1.05 -0.13
0.96 -0.21
0.93 -0.25
1.00 -0.21
1.08 -0.14
1.19 0.00
1.26 0.13
1.28 0.24
1.32 0.29
1.34 0.36
1.33 0.50
1.32 0.66
1.31 0.77
1.35 0.70
1.39 0.58
1.40 0.52
1.42 0.42
1.42 0.31
1.40 0.21
1.36 0.13
1.27 0.04
1.19 -0.05
1.15 -0.10
1.23 -0.06
1.35 0.05
1.46 0.19
1.55 0.33
1.60 0.48
1.60 0.67
1.55 0.90
1.45 1.10
1.29 1.33
1.15 1.60
1.07 1.79
0.92 2.26
0.80 2.51
0.60 2.75
0.33 2.95
0.06 3.09
-0.12 3.11
-0.37 3.11
-0.67 3.07
-1.17 2.90
-1.36 2.84
-1.48 2.79
-1.84 2.53
-2.04 2.44
-2.07 2.34
-2.14 2.23
-2.19 2.04
-2.21 1.81
-2.21 1.50
-2.13 1.20
-1.99 1.00
-1.87 0.92
-1.91 0.99
-1.98 1.09
-2.05 1.22
-2.11 1.41
-2.13 1.56
-2.12 1.77
-2.07 1.66
-2.02 1.49
-1.97 1.43
-1.91 1.31
-1.83 1.20
-1.82 1.13
-1.81 0.99
-1.78 1.14
-1.79 1.23
-1.89 1.40
-1.91 1.51
-1.91 1.69
-1.91 1.86
-1.89 1.95
-1.87 1.98
-1.70 1.76
-1.46 1.50
-1.19 1.25
-0.95 1.07
-0.88 0.99
-0.74 0.71
-0.63 0.39
-0.59 0.11
-0.62 -0.14
-0.65 -0.23