53 211 211 211
-1.16 -3.91
-1.37 -3.00
-1.40 -2.17
-1.36 -1.64
-1.41 -1.16
-1.36 -0.85
-1.44 -0.33
-1.43 0.00
-1.39 0.24
-1.38 -0.40
-1.66 0.89
-1.73 1.22
-1.66 1.53
-1.47 1.82
-1.25 2.02
-0.90 2.36
-0.59 2.68
-0.43 2.84
-0.24 3.10
-0.04 3.30
0.12 3.47
0.20 3.71
0.13 4.07
0.48 4.10
0.76 4.19
1.12 4.26
1.40 4.30
1.46 3.99
1.66 3.65
1.85 3.29
2.01 2.90
2.05 2.46
2.07 2.04
2.02 1.67
1.91 1.38
1.58 0.63
1.21 0.01
1.00 -0.32
0.83 -0.70
0.73 -0.89
0.71 -1.23
0.70 -1.51
0.81 -1.88
1.14 -2.30
1.56 -2.79
1.80 -3.10
2.03 -3.58
2.12 -4.03
1.81 -4.29
1.09 -4.52
0.32 -4.54
-0.39 -4.54
-0.94 -4.38