48 54 51 46
-29.05 -25.41
-4.92 -22.89
-4.44 -20.85
-4.20 -17.19
-4.00 -14.00
-2.00 -14.00
-0.03 -13.74
0.35 -10.66
1.43 -8.66
2.93 -6.35
5.72 -5.22
10.38 -5.22
11.33 -2.43
13.69 1.63
16.89 5.18
19.77 7.61
24.54 10.09
27.79 11.43
32.91 12.05
38.69 12.01
43.03 11.23
49.12 8.55
53.16 5.95
57.02 2.32
59.42 -1.29
61.55 -5.04
66.54 -5.14
71.87 -5.14
75.50 -5.08
77.92 -6.53
79.85 -10.70
80.49 -15.12
83.95 -14.91
85.25 -20.72
86.41 -24.15
87.68 -25.91
86.99 -26.54
85.83 -27.32
77.31 -30.01
74.85 -30.48
72.06 -31.45
64.00 -30.00
51.26 -28.02
38.78 -28.02
31.34 -27.37
24.96 -28.24
19.04 -28.91
-8.49 -33.15