58 211 211 211
-1.38 -15.33
-0.51 -15.42
0.21 -15.32
0.63 -15.16
0.85 -15.27
1.51 -15.24
1.78 -15.13
1.73 -14.52
1.49 -13.86
1.48 -13.25
1.55 -12.32
1.79 -11.22
2.07 -10.33
2.20 -9.50
1.99 -8.46
1.64 -7.34
1.46 -6.71
1.29 -5.79
1.36 -4.34
1.36 -2.72
1.31 -1.96
1.57 -1.46
1.75 -1.05
1.78 -0.61
1.69 -0.16
1.46 0.32
1.22 0.63
0.80 1.12
0.17 1.58
-0.22 1.61
-0.77 1.49
-1.02 1.29
-1.25 0.80
-1.41 0.32
-1.20 -0.28
-1.28 -0.96
-1.31 -1.89
-1.18 -3.16
-0.94 -4.34
-0.43 -5.67
-0.19 -6.37
-0.23 -6.85
-0.19 -7.24
0.12 -7.84
0.27 -8.23
0.36 -8.80
0.43 -9.85
0.55 -11.10
0.56 -12.05
0.49 -12.98
0.43 -13.35
0.34 -13.60
-0.02 -13.92
-0.86 -14.48
-1.63 -14.72
-1.79 -14.93
-1.84 -15.12
-1.72 -15.23