45 189 238 156
-1.53 0.10
-1.56 0.03
-1.57 -0.09
-1.53 -0.17
-1.47 -0.23
-1.33 -0.25
-1.18 -0.20
-1.01 -0.13
-0.89 -0.07
-0.77 -0.07
-0.68 -0.18
-0.65 -0.23
-0.62 -0.14
-0.59 0.11
-0.63 0.39
-0.74 0.71
-0.88 0.99
-0.95 1.07
-1.18 1.25
-1.46 1.50
-1.70 1.76
-1.87 1.98
-1.89 1.95
-1.91 1.85
-1.91 1.69
-1.91 1.52
-1.89 1.40
-1.80 1.23
-1.79 1.14
-1.81 0.99
-1.89 0.84
-1.98 0.72
-2.00 0.66
-1.97 0.60
-1.90 0.57
-1.83 0.56
-1.78 0.48
-1.77 0.40
-1.80 0.34
-1.75 0.31
-1.70 0.30
-1.70 0.25
-1.70 0.19
-1.68 0.14
-1.62 0.13